f = -7.357589e-01
s = 0.291667