f = 0.000000e+00
s = -0.958333
