f = -3.176989e+01
s = 0.229167
